
11

Sun
0 0 0
0 0 0 

Mercury
 2.071152997053788E-01 -3.835596672065068E-01 -5.034213110737459E-02
 1.913092952802434E-02  1.476463685405631E-02 -5.486964568914701E-04

Mars
-1.473076965753840E+00 -6.533743520436560E-01  2.246124389230508E-02
 6.195966215994698E-03 -1.159607331732924E-02 -3.950694410651226E-04

Venus
2.489405396931187E-01 -6.835524115888226E-01 -2.373744778768848E-02
1.886936301521069E-02  6.852937838043306E-03 -9.949223064331788E-04

Earth
-9.654856075285153E-01  2.295317733387754E-01 -5.305062862902414E-06
-4.263964296197686E-03 -1.680837411670475E-02  1.228609811164576E-06

Jupiter
-5.307189589997011E+00  1.131332671489373E+00  1.140568653237447E-01
-1.664631024700174E-03 -7.029741167004406E-03  6.648139004536379E-05

Saturn
-3.390320542785130E+00 -9.423124456408178E+00  2.987537924024670E-01
   4.944243284040522E-03 -1.911780456476126E-03 -1.633019500971318E-04

Uranus
1.877970175741140E+01  6.785546306973366E+00 -2.179730276505344E-01
 -1.365464500760261E-03  3.508687415583659E-03  3.080118392750347E-05

Neptune
2.802328676907816E+01 -1.058307923597076E+01 -4.278490194716808E-01
1.088154432784412E-03  2.948772358218699E-03 -8.597745317334932E-05

Pluto
8.735607255119410E+00 -3.186720913881693E+01  8.820021154702117E-01
  3.088973527551713E-03  1.673475451728686E-04 -9.243286813311526E-04

Moon
-9.636494163933270E-01  2.278925861176878E-01  1.200825150977965E-04
  -3.878820034470143E-03 -1.632899849916871E-02 -4.797482170264421E-05


